97 98 99 100 (102 103 (106 107 108) 104) 101 105 (109 110 110) 111
                                              ^

7:  7 1 6 8 9 2 5 4 3 10 11 12 13 14 15 16 17 18 19 20 21 22 23 24 25 26 27 28 29 30 31 32 33 34 35 36 37 38 39 40 41 42 43 44 45 46 47 48 49 50
9:  7 9 2 5 1 6 8 4 3 10 11 12 13 14 15 16 17 18 19 20 21 22 23 24 25 26 27 28 29 30 31 32 33 34 35 36 37 38 39 40 41 42 43 44 45 46 47 48 49 50
6:  7 9 6 8 2 5 1 4 3 10 11 12 13 14 15 16 17 18 19 20 21 22 23 24 25 26 27 28 29 30 31 32 33 34 35 36 37 38 39 40 41 42 43 44 45 46 47 48 49 50
1:  7 9 6 1 4 8 2 5 3 10 11 12 13 14 15 16 17 18 19 20 21 22 23 24 25 26 27 28 29 30 31 32 33 34 35 36 37 38 39 40 41 42 43 44 45 46 47 48 49 50
5:  4 8 2 7 9 6 1 5 3 10 11 12 13 14 15 16 17 18 19 20 21 22 23 24 25 26 27 28 29 30 31 32 33 34 35 36 37 38 39 40 41 42 43 44 45 46 47 48 49 50
12:  4 3 10 11 8 2 7 9 6 1 5 12 13 14 15 16 17 18 19 20 21 22 23 24 25 26 27 28 29 30 31 32 33 34 35 36 37 38 39 40 41 42 43 44 45 46 47 48 49 50
16:  4 3 10 11 13 14 15 8 2 7 9 6 1 5 12 16 17 18 19 20 21 22 23 24 25 26 27 28 29 30 31 32 33 34 35 36 37 38 39 40 41 42 43 44 45 46 47 48 49 50
20:  4 3 10 11 13 14 15 17 18 19 8 2 7 9 6 1 5 12 16 20 21 22 23 24 25 26 27 28 29 30 31 32 33 34 35 36 37 38 39 40 41 42 43 44 45 46 47 48 49 50
24:  4 3 10 11 13 14 15 17 18 19 21 22 23 8 2 7 9 6 1 5 12 16 20 24 25 26 27 28 29 30 31 32 33 34 35 36 37 38 39 40 41 42 43 44 45 46 47 48 49 50
28:  4 3 10 11 13 14 15 17 18 19 21 22 23 25 26 27 8 2 7 9 6 1 5 12 16 20 24 28 29 30 31 32 33 34 35 36 37 38 39 40 41 42 43 44 45 46 47 48 49 50
32:  4 3 10 11 13 14 15 17 18 19 21 22 23 25 26 27 29 30 31 8 2 7 9 6 1 5 12 16 20 24 28 32 33 34 35 36 37 38 39 40 41 42 43 44 45 46 47 48 49 50
36:  4 3 10 11 13 14 15 17 18 19 21 22 23 25 26 27 29 30 31 33 34 35 8 2 7 9 6 1 5 12 16 20 24 28 32 36 37 38 39 40 41 42 43 44 45 46 47 48 49 50
40:  4 3 10 11 13 14 15 17 18 19 21 22 23 25 26 27 29 30 31 33 34 35 37 38 39 8 2 7 9 6 1 5 12 16 20 24 28 32 36 40 41 42 43 44 45 46 47 48 49 50
44:  4 3 10 11 13 14 15 17 18 19 21 22 23 25 26 27 29 30 31 33 34 35 37 38 39 41 42 43 8 2 7 9 6 1 5 12 16 20 24 28 32 36 40 44 45 46 47 48 49 50
48:  4 3 10 11 13 14 15 17 18 19 21 22 23 25 26 27 29 30 31 33 34 35 37 38 39 41 42 43 45 46 47 8 2 7 9 6 1 5 12 16 20 24 28 32 36 40 44 48 49 50
52:  4 3 10 11 13 14 15 17 18 19 21 22 23 25 26 27 29 30 31 33 34 35 37 38 39 41 42 43 45 46 47 49 50 51 8 2 7 9 6 1 5 12 16 20 24 28 32 36 40 44
56:  4 3 10 11 13 14 15 17 18 19 21 22 23 25 26 27 29 30 31 33 34 35 37 38 39 41 42 43 45 46 47 49 50 51 53 54 55 8 2 7 9 6 1 5 12 16 20 24 28 32
60:  4 3 10 11 13 14 15 17 18 19 21 22 23 25 26 27 29 30 31 33 34 35 37 38 39 41 42 43 45 46 47 49 50 51 53 54 55 57 58 59 8 2 7 9 6 1 5 12 16 20
64:  4 3 10 11 13 14 15 17 18 19 21 22 23 25 26 27 29 30 31 33 34 35 37 38 39 41 42 43 45 46 47 49 50 51 53 54 55 57 58 59 61 62 63 8 2 7 9 6 1 5
68:  4 3 10 11 13 14 15 17 18 19 21 22 23 25 26 27 29 30 31 33 34 35 37 38 39 41 42 43 45 46 47 49 50 51 53 54 55 57 58 59 61 62 63 65 66 67 8 2 7 9
72:  4 3 10 11 13 14 15 17 18 19 21 22 23 25 26 27 29 30 31 33 34 35 37 38 39 41 42 43 45 46 47 49 50 51 53 54 55 57 58 59 61 62 63 65 66 67 69 70 71 8
76:  4 3 10 11 13 14 15 17 18 19 21 22 23 25 26 27 29 30 31 33 34 35 37 38 39 41 42 43 45 46 47 49 50 51 53 54 55 57 58 59 61 62 63 65 66 67 69 70 71 73
80:  4 3 10 11 13 14 15 17 18 19 21 22 23 25 26 27 29 30 31 33 34 35 37 38 39 41 42 43 45 46 47 49 50 51 53 54 55 57 58 59 61 62 63 65 66 67 69 70 71 73
84:  4 3 10 11 13 14 15 17 18 19 21 22 23 25 26 27 29 30 31 33 34 35 37 38 39 41 42 43 45 46 47 49 50 51 53 54 55 57 58 59 61 62 63 65 66 67 69 70 71 73
88:  4 3 10 11 13 14 15 17 18 19 21 22 23 25 26 27 29 30 31 33 34 35 37 38 39 41 42 43 45 46 47 49 50 51 53 54 55 57 58 59 61 62 63 65 66 67 69 70 71 73
92:  4 3 10 11 13 14 15 17 18 19 21 22 23 25 26 27 29 30 31 33 34 35 37 38 39 41 42 43 45 46 47 49 50 51 53 54 55 57 58 59 61 62 63 65 66 67 69 70 71 73
96:  4 3 10 11 13 14 15 17 18 19 21 22 23 25 26 27 29 30 31 33 34 35 37 38 39 41 42 43 45 46 47 49 50 51 53 54 55 57 58 59 61 62 63 65 66 67 69 70 71 73
100:  4 3 10 11 13 14 15 17 18 19 21 22 23 25 26 27 29 30 31 33 34 35 37 38 39 41 42 43 45 46 47 49 50 51 53 54 55 57 58 59 61 62 63 65 66 67 69 70 71 73
104:  4 3 10 11 13 14 15 17 18 19 21 22 23 25 26 27 29 30 31 33 34 35 37 38 39 41 42 43 45 46 47 49 50 51 53 54 55 57 58 59 61 62 63 65 66 67 69 70 71 73
108:  4 3 10 11 13 14 15 17 18 19 21 22 23 25 26 27 29 30 31 33 34 35 37 38 39 41 42 43 45 46 47 49 50 51 53 54 55 57 58 59 61 62 63 65 66 67 69 70 71 73
112:  4 3 10 11 13 14 15 17 18 19 21 22 23 25 26 27 29 30 31 33 34 35 37 38 39 41 42 43 45 46 47 49 50 51 53 54 55 57 58 59 61 62 63 65 66 67 69 70 71 73
116:  4 3 10 11 13 14 15 17 18 19 21 22 23 25 26 27 29 30 31 33 34 35 37 38 39 41 42 43 45 46 47 49 50 51 53 54 55 57 58 59 61 62 63 65 66 67 69 70 71 73
120:  4 3 10 11 13 14 15 17 18 19 21 22 23 25 26 27 29 30 31 33 34 35 37 38 39 41 42 43 45 46 47 49 50 51 53 54 55 57 58 59 61 62 63 65 66 67 69 70 71 73
124:  4 3 10 11 13 14 15 17 18 19 21 22 23 25 26 27 29 30 31 33 34 35 37 38 39 41 42 43 45 46 47 49 50 51 53 54 55 57 58 59 61 62 63 65 66 67 69 70 71 73
128:  4 3 10 11 13 14 15 17 18 19 21 22 23 25 26 27 29 30 31 33 34 35 37 38 39 41 42 43 45 46 47 49 50 51 53 54 55 57 58 59 61 62 63 65 66 67 69 70 71 73
132:  4 3 10 11 13 14 15 17 18 19 21 22 23 25 26 27 29 30 31 33 34 35 37 38 39 41 42 43 45 46 47 49 50 51 53 54 55 57 58 59 61 62 63 65 66 67 69 70 71 73
136:  4 3 10 11 13 14 15 17 18 19 21 22 23 25 26 27 29 30 31 33 34 35 37 38 39 41 42 43 45 46 47 49 50 51 53 54 55 57 58 59 61 62 63 65 66 67 69 70 71 73
140:  4 3 10 11 13 14 15 17 18 19 21 22 23 25 26 27 29 30 31 33 34 35 37 38 39 41 42 43 45 46 47 49 50 51 53 54 55 57 58 59 61 62 63 65 66 67 69 70 71 73
144:  4 3 10 11 13 14 15 17 18 19 21 22 23 25 26 27 29 30 31 33 34 35 37 38 39 41 42 43 45 46 47 49 50 51 53 54 55 57 58 59 61 62 63 65 66 67 69 70 71 73
148:  4 3 10 11 13 14 15 17 18 19 21 22 23 25 26 27 29 30 31 33 34 35 37 38 39 41 42 43 45 46 47 49 50 51 53 54 55 57 58 59 61 62 63 65 66 67 69 70 71 73
152:  4 3 10 11 13 14 15 17 18 19 21 22 23 25 26 27 29 30 31 33 34 35 37 38 39 41 42 43 45 46 47 49 50 51 53 54 55 57 58 59 61 62 63 65 66 67 69 70 71 73
156:  4 3 10 11 13 14 15 17 18 19 21 22 23 25 26 27 29 30 31 33 34 35 37 38 39 41 42 43 45 46 47 49 50 51 53 54 55 57 58 59 61 62 63 65 66 67 69 70 71 73
160:  4 3 10 11 13 14 15 17 18 19 21 22 23 25 26 27 29 30 31 33 34 35 37 38 39 41 42 43 45 46 47 49 50 51 53 54 55 57 58 59 61 62 63 65 66 67 69 70 71 73
164:  4 3 10 11 13 14 15 17 18 19 21 22 23 25 26 27 29 30 31 33 34 35 37 38 39 41 42 43 45 46 47 49 50 51 53 54 55 57 58 59 61 62 63 65 66 67 69 70 71 73
168:  4 3 10 11 13 14 15 17 18 19 21 22 23 25 26 27 29 30 31 33 34 35 37 38 39 41 42 43 45 46 47 49 50 51 53 54 55 57 58 59 61 62 63 65 66 67 69 70 71 73
172:  4 3 10 11 13 14 15 17 18 19 21 22 23 25 26 27 29 30 31 33 34 35 37 38 39 41 42 43 45 46 47 49 50 51 53 54 55 57 58 59 61 62 63 65 66 67 69 70 71 73
176:  4 3 10 11 13 14 15 17 18 19 21 22 23 25 26 27 29 30 31 33 34 35 37 38 39 41 42 43 45 46 47 49 50 51 53 54 55 57 58 59 61 62 63 65 66 67 69 70 71 73
180:  4 3 10 11 13 14 15 17 18 19 21 22 23 25 26 27 29 30 31 33 34 35 37 38 39 41 42 43 45 46 47 49 50 51 53 54 55 57 58 59 61 62 63 65 66 67 69 70 71 73
184:  4 3 10 11 13 14 15 17 18 19 21 22 23 25 26 27 29 30 31 33 34 35 37 38 39 41 42 43 45 46 47 49 50 51 53 54 55 57 58 59 61 62 63 65 66 67 69 70 71 73
188:  4 3 10 11 13 14 15 17 18 19 21 22 23 25 26 27 29 30 31 33 34 35 37 38 39 41 42 43 45 46 47 49 50 51 53 54 55 57 58 59 61 62 63 65 66 67 69 70 71 73


.#.#..#.##...#.##..#####
###....#.#....#..#......
##.##.###.#.#..######...
###.#####...#.#####.#..#
##.#....#.##.####...#.##
...########.#....#####.#
....#..#...##..#.#.###..
.####...#..#.....#......
#..#.##..#..###.#.##....
#.####..#.####.#.#.###..
###.#.#...#.######.#..##
#.####....##..########.#
##..##.#...#...#.#.#.#..
...#..#..#.#.##..###.###
.#.#....#.##.#...###.##.
###.#...#..#.##.######..
.#.#.###.##.##.#..#.##..
.####.###.#...###.#..#.#
..#.#..#..#.#.#.####.###
#..####...#.#.#.###.###.
#####..#####...###....##
#.##..#..#...#..####...#
.#.###..##..##..####.##.
...###...##...#...#..###




#.......#.#.#.#...................#..#.#.#...#.#...#.....#...................#...........#..#..#
......#....#..............#...........#........##..#........##..#...................#....#......
..#......#.#..#....#.#.....#.....#..#...........#....#......#.#....#....#.#..#..#.#.#.....#.....
........###..##...##......#......#...##.................#.....###.#..#....#....#.#...#.......###
.......#.##.......##.....#..##.....#...#.#....##..#..##..#.#......#.##........#...##.###.....##.
.....#..#......##.##.............##.#.##....##..#.#.#....###.#....#.#..#.............#...#...#..
#.#......#.##...###.....#...#..#....###....#....#...#..#.#........#...#....#..#.#...#..##...#...
##.#.............####.............#...........#.........#.#.....#.....#.#.....#............#....
....#...#...#....#......#...#...........#.........#....#.....#...#..#.#.........#......#........
.##......#...#...#....##...###.....#.#.......#.....##...##..............#........#..##.....###..
....#....##......#.....##...###.....#.#....#.....#..##.##.....###.##.#..#........#..##......###.
#.#....####.......#....#.#.#..................#.#...#..#.#..#.#.##.###.............###......##..
##.........#......#...#...........#...#.#.#...#...##...#.##.....#..####..#..........#.......#.##
##......#.....#.##.#.#......#.#.......#...#..#.##..#....#.....#....#..#..#....#.......#..#......
..#.##..#...#.....#...#...###.........#.#.#........#..............#............##...#....#....#.
.##...#..#..#...#.#.###...#.#..#....##.............#...#.#..#..#......#.#.......##..#.......#.#.
..#....#.#.##....#.....#....#..##.....#.###.........#.#.#.###.#..#....####.#.#...#...#....#..#..
..#.#..##.##....#.##.#.#...#.#...........#......#.####.###....#.###.....###..........##......#..
.......#....#.....#...#..##.#.###......#.##.###....##..#.#....#...##...#........#####....#..#..#
.#....#..##..##..#..................#..#.#.###.#...#....#....###.#.##.#.............#..###.#..#.
........#.#.....#........#.#.##......#.#.......#......#.#.....##..#..#.....##.......#...#.......
.......###............#.....#........#.#...#.......#.....#..#.##.......#......##....#.......#...
#...#........#...#..#..#...###.#........#.#..##...#.#...#...######.#....#.....#.....###..#..##.#
...#.#.........#..#....#...#.....##..#..##..........#.#..##.#..#.###....#.............#..#......
#.........#...........#..#.#.....#.....##....##....#....##.#....#..#.###...............#....##.#
#.#.#.#.#..#.............#..#.#.#......#.#...#.#...........#.#.#...#.....#.#..#.....##.#........
.#.......#......#...#....#.#.#.....#..#....#.##.........#..##.#.###......#......#.##.##....#....
###.............#.....#.##..#.#....##.##.....##.#..#....#.....#.###.####....#...###..#..###.#..#
#.....#..#.#..........####.....#.#.....#.#..##...#..#.#......#..........#......##...#....###....
....#.....#..##..##...#.#......#........#.....#......#...#..#.....#.#...#.#....##.#..##..#..#...
.##.......#....#.###..#..#.###.#........#.........#..#...........#.#..##................#.......
.#..#......##....#....##.#...#..#....#.#..#.###.....#.......###..#................#.#..###....#.
.........#.....##.##...#.....##...#.#........#.#..#.#....#.##.#................##.#..#..#.#.#...
...#...##..#.......#.........#.##....#..#..#.#.............##.##.......##...##..#.##.#..........
...........#.###..#..#..#...#.#......#.#.#..#..#.#...#.......#........####......#..##.##.#......
....#.#....#..#.#...............#....#.##....#..#..#..#......................#.#..#...........#.
##.....#.##....#.#.#....#..#............#.......#...#.#.....###....##.....#.......#.....#..#....
..#....#.#.......#......#####.#..###...##..##....#.......###.#.....#.........##.....#.....#.#..#
##.......##.#...##..#.#......#.....##.#...##.##.......##.....##..#.............#....##...##.....
.........#.............#..#..#..#..##......#.#.#.#....#....#......#....#.#..#.#.##.#.#...##.#...
...#...###..#.......#.......#....##.#..#....#..........##............#..#....#..#.#.#..#.#..#...
...##.......#...#...###...##......##..###.##.#..#.......##...#..#...#.#.....#..##.........#.#...
...#.....#......##..###.#..............#.....###..#...#.........#.....#....#...#......###....#.#
..##.#..##....#..#....#..#..#....##......#..#..#...#....#....#.............##..##...#...........
...#.#...#...#..#..##.....#..##...##....#....#.......##.....##....#.#..#...##..#.....#......#.#.
.....#...#..........#.....#.###...##.##........................#.......##.##....#.#........##...
#.#.#...#...#...#...........#.....#.#.....#..........#......#..#.....#.....#..#..#.............#
..##.........#..#....#.....#.......#.........#.......#.......##..#..#......#......##............
...#..#..#......##........#.....#...#.#..###.#.......##.#.....#.....#...#.#..............##.....
###.....#.......##.........###....#....#.........#...#..##........#..#....###.#.#........##.....
...#..#..#.....#...##....##..#.....#....#.##..#.....####.#....#.#.#..#...###.##......#...#..#...
.....###.#........#...#..#..#..##..#................#..#......#.###....####.#.#.........#...#..#
###...#.#..#..#...#...............#....##.##...#.#..............#....#..........#........#.#....
...#......#.#..##..#..#...........##...##......#....##....#...##.....##....#..#....#.##...##....
#..#.....#.#.#......####..##.......#..##...##.#......##..#...........##...##......#.....#.#.#...
####...##...#..##.#.......###.....#...#...###..##.#.##.......#......##...#.##.#.###.#....#......
....#....##..##..#..#...#.#...##..##.......#.#.....##..........#..####.#####.#.......#.#.#.....#
...............##.#.##..##....#...#.#....###..#............#....#.........#......###..#.#.#.....
..##..#........#....##....#...........#..###..#...............###...#...........###..#.#.##.....
.#.#..#..#...##...##..#.##..#.##..#...##......##...##........#.#....#.......#.....#.......#.....
###.#..#......#..........#.#.#.#.##.#.##..#...#......#..#....#....#.##..#.#.#..#.....#..#.#.....
.......###..####.....#....#...........#...#..#.......#..............##.....#.###..##.....#..#...
...........#..#.##.###.#..#.#..#......#..#...#..##..#...#....###....#..#......#....##....#.##...
.......#....#......###.#.#........###.#........#...#.#...###.##.###.....#........#.#....#...#...
..#...#.#.#..#....#.#.#...........##..#.#...##....#..#.....#....#.##........#..#...##....#......
.#..##.......#..##.#...#.....#....###..#......#####.#......###.#..###.#.#.#......#.#............
.....##.#......#.#...#...#.......#..#..#.....##......#.....##.......##.#...#......#..#..#.......
.........#..#..#...#......#...........#.....##...#...#.##..#.........#.........#.........##.....
...#........#..#...##..#..#.......#####..........#.#.####.#....#..#.#...#...###......##.#.....#.
.#...##.#.....#..#.##....#.......#....#.....#......#.##.#...#...#.....#..#...###.##...........#.
..........#....##...#...#...#.#...#..##.#..###.#........#........#.#.........#.#...#...##.###...
##........##.......#..#.##..###...#.#..#..#...#...##..#...#.#...##..#..............##.......###.
#....#....#.......#....#.#.......#....##...#..#.......###..#..##.....#.....##....##..#......#..#
..#...#..#..####....#..#..#.#...##..#........#......##.#...#..##...#.#.....#..#.#...#.....######
....##.#........#.##..#.#.#.#.#.#...............#.....#...#..#.#.#....#.#..#.#.....#......##...#
..#....#.........#..#.#..#...#.#.#......#..#....#.#....#.#....##.............#..#.#..#...###....
..#.#....#.....#.#.#.....#.#...#..#..#.#.....#...##...#........#...#......#....#..##..#....#....
....##.#..#.##...#.......#........#.#.....#...#.##.#.#...###...#...###..#....#....###....#.###..
..#..#.#..#.....#................#.......#.......#..#.....##.............#.#......#.....#...#...
#.#..#...##.#...#........#..#......##...........#...#..#..##...#..#......#.................#....
.......#.##.....#.#.............#..#..##.##.#.........#.#.##.#.......#......#.........#.###..#..
..#...#..#........#....##........#....#.###...#...#...................#...#.#.###.#..#......##..
#.#..#...#....#....##.............##.............###..##.#.......#........#........#.......##...
....#...#.#........#...#................#......#...#..#.#.#....#.#..............#.#.........#..#
#.#...#...#..........#.....#...#....#...........##........##..#..##.......#..#....##.#......#..#
....#.#..#...#...#.....#.#..##.#..#..#..................#.#..#.#..............#.#.....#....##...
..#.#...###......#.........#.....#..........##...........#........#............#.....#..#...##..
....#..#..###...##...#.......#.....#..........#.....#..#........#...#.....#..#..##....#.#..#....
#.##.....#.##..#.#.....#....#.#.##.#.........##...........##....#......#....##.......#..##.#....
.......##.#..#.##..#..........#.##...#.......#.#.##.......##....#....#.......#.....#..#.#..##..#
......##..##....#.....#........##....#.....#.......#..........#....#.#...#.#.......#..#.##......
....#.........##......##.....#..#................#.....#.......##.......###..##.......#.........
....##.#.#............#......###......##..#.................#....##.##.##..........##..#........
..#.......#..##.......##..##.........##.#.......##............#.#......#......#..#...#.......##.
.#.......#...##....#....#..#..##..#..#...###..........................#...#....###...#..####..#.
......###....##.....#...#....##..#..##..#..##.##.#.#.#............##......#......#..#...........



2953 1867 1783 1031 2399 2341 3167 1973 1951 1483 3407 1049 
1801 3121 3701 3373 2237 1367 3389 1571 2551 1381 3719 2677 
1579 3851 1657 1069 3583 3191 2143 3727 2539 2963 3467 3623 
2069 3881 2383 2819 1439 2591 1129 3697 1723 3739 1223 2251 
1607 3463 2129 2003 2357 3181 2029 3229 1747 2843 3677 2521 
2767 3343 2039 3821 2381 2693 2753 2459 3187 2999 3593 1789 
1861 3607 3001 2633 3989 2297 1907 1019 3581 2113 1361 2011 
3833 1999 3709 1103 3359 3137 3529 2617 2857 1823 1987 3257 
2393 3793 1433 3163 3329 2153 2939 1153 3307 3919 3499 2089 
3637 2557 1559 1087 2917 1201 3733 1601 2707 3457 3673 1997 
2281 3023 1321 1373 3491 2027 2971 3217 2389 3371 3461 1913 
1091 3251 3067 2447 3931 1093 3631 1489 1699 1597 1453 1709



    decks_history = {}

    while True:
        # break inf. loop
        decks_hash = str(hash(frozenset(deck1))) + str(hash(frozenset(deck2)))
        print(decks_hash)
        if decks_hash in decks_history:
            return (1, deck1)
        decks_history[decks_hash] = True